x y level seg_id
1.381952048385837406e+00 -2.383314957601282980e-01 3.200000000000000153e-03 0.000000000000000000e+00
1.387987359020441902e+00 -2.361956640716575129e-01 3.200000000000000153e-03 0.000000000000000000e+00
1.400054178734357002e+00 -2.305120739117007544e-01 3.200000000000000153e-03 0.000000000000000000e+00
1.400155948426352603e+00 -2.304689038064480222e-01 3.200000000000000153e-03 0.000000000000000000e+00
1.412324537832263305e+00 -2.248609698016006686e-01 3.200000000000000153e-03 0.000000000000000000e+00
1.416430868614781735e+00 -2.226926520632732664e-01 3.200000000000000153e-03 0.000000000000000000e+00
1.424493127238173562e+00 -2.187242470500584401e-01 3.200000000000000153e-03 0.000000000000000000e+00
1.431880923699961228e+00 -2.148732302148457507e-01 3.200000000000000153e-03 0.000000000000000000e+00
1.436661716644084263e+00 -2.126000664396574535e-01 3.200000000000000153e-03 0.000000000000000000e+00
1.448375274114249489e+00 -2.070538083664182349e-01 3.200000000000000153e-03 0.000000000000000000e+00
1.448830306049994965e+00 -2.068676697129217257e-01 3.200000000000000153e-03 0.000000000000000000e+00
1.460998895455905444e+00 -2.027181400291729607e-01 3.200000000000000153e-03 0.000000000000000000e+00
1.470884359627817828e+00 -1.992343865179907469e-01 3.200000000000000153e-03 0.000000000000000000e+00
1.473167484861815923e+00 -1.986065810459884950e-01 3.200000000000000153e-03 0.000000000000000000e+00
1.485336074267726625e+00 -1.954076817842415881e-01 3.200000000000000153e-03 0.000000000000000000e+00
1.497491717906028752e+00 -1.914149646695632312e-01 3.200000000000000153e-03 0.000000000000000000e+00
1.497504663673636882e+00 -1.914116569300595705e-01 3.200000000000000153e-03 0.000000000000000000e+00
1.509673253079547584e+00 -1.880045731630859973e-01 3.200000000000000153e-03 0.000000000000000000e+00
1.520901905951620225e+00 -1.835955428211357154e-01 3.200000000000000153e-03 0.000000000000000000e+00
1.521841842485458285e+00 -1.832896683346237898e-01 3.200000000000000153e-03 0.000000000000000000e+00
1.534010431891368542e+00 -1.786600518567902085e-01 3.200000000000000153e-03 0.000000000000000000e+00
1.539929450493622065e+00 -1.757761209727082274e-01 3.200000000000000153e-03 0.000000000000000000e+00
1.546179021297279244e+00 -1.730145622953652984e-01 3.200000000000000153e-03 0.000000000000000000e+00
1.555440417585644441e+00 -1.679566991242807394e-01 3.200000000000000153e-03 0.000000000000000000e+00
1.558347610703189945e+00 -1.664196998347578504e-01 3.200000000000000153e-03 0.000000000000000000e+00
1.568601026059788017e+00 -1.601372772758532237e-01 3.200000000000000153e-03 0.000000000000000000e+00
1.570516200109100202e+00 -1.589174901362264414e-01 3.200000000000000153e-03 0.000000000000000000e+00
1.580101329486919060e+00 -1.523178554274257079e-01 3.200000000000000153e-03 0.000000000000000000e+00
1.582684789515010904e+00 -1.503210891149091843e-01 3.200000000000000153e-03 0.000000000000000000e+00
1.590196226327075246e+00 -1.444984335789982199e-01 3.200000000000000153e-03 0.000000000000000000e+00
1.594853378920921827e+00 -1.401011601886251456e-01 3.200000000000000153e-03 0.000000000000000000e+00
1.598767966322179657e+00 -1.366790117305707042e-01 3.200000000000000153e-03 0.000000000000000000e+00
1.605957030650809081e+00 -1.288595898821431884e-01 3.200000000000000153e-03 0.000000000000000000e+00
1.607021968326831862e+00 -1.274878127168652675e-01 3.200000000000000153e-03 0.000000000000000000e+00
1.613058167921560537e+00 -1.210401680337156866e-01 3.200000000000000153e-03 0.000000000000000000e+00
1.618258401620450204e+00 -1.132207461852881847e-01 3.200000000000000153e-03 0.000000000000000000e+00
1.619190557732742564e+00 -1.115353591456978849e-01 3.200000000000000153e-03 0.000000000000000000e+00
1.623764710263386979e+00 -1.054013243368606689e-01 3.200000000000000153e-03 0.000000000000000000e+00
1.628075078412616561e+00 -9.758190248843318093e-02 3.200000000000000153e-03 0.000000000000000000e+00
1.631166399766302844e+00 -8.976248064000566518e-02 3.200000000000000153e-03 0.000000000000000000e+00
1.631359147138653265e+00 -8.919330560033390809e-02 3.200000000000000153e-03 0.000000000000000000e+00
1.635101343474484992e+00 -8.194305879157817718e-02 3.200000000000000153e-03 0.000000000000000000e+00
1.638148854523361786e+00 -7.412363694315066143e-02 3.200000000000000153e-03 0.000000000000000000e+00
1.640499293029197281e+00 -6.630421509472314567e-02 3.200000000000000153e-03 0.000000000000000000e+00
1.642386157664315505e+00 -5.848479324629565768e-02 3.200000000000000153e-03 0.000000000000000000e+00
1.643527736544563744e+00 -5.297282975512911801e-02 3.200000000000000153e-03 0.000000000000000000e+00
1.644311798110302814e+00 -5.066537139786814886e-02 3.200000000000000153e-03 0.000000000000000000e+00
1.646712104811303368e+00 -4.284594954944062617e-02 3.200000000000000153e-03 0.000000000000000000e+00
1.648806929783386943e+00 -3.502652770101313817e-02 3.200000000000000153e-03 0.000000000000000000e+00
1.650684088606403810e+00 -2.720710585258562242e-02 3.200000000000000153e-03 0.000000000000000000e+00
1.652388900588019016e+00 -1.938768400415810667e-02 3.200000000000000153e-03 0.000000000000000000e+00
1.653936867458984938e+00 -1.156826215573061867e-02 3.200000000000000153e-03 0.000000000000000000e+00
1.655325974998281380e+00 -3.748840307303102914e-03 3.200000000000000153e-03 0.000000000000000000e+00
1.655696325950474224e+00 -1.513043517282601459e-03 3.200000000000000153e-03 0.000000000000000000e+00
1.657177458642949297e+00 4.070581541124385083e-03 3.200000000000000153e-03 0.000000000000000000e+00
1.658994185874534955e+00 1.189000338955190084e-02 3.200000000000000153e-03 0.000000000000000000e+00
1.660498340845476983e+00 1.970942523797938883e-02 3.200000000000000153e-03 0.000000000000000000e+00
1.661685466469140282e+00 2.752884708640693234e-02 3.200000000000000153e-03 0.000000000000000000e+00
1.662548429388910565e+00 3.534826893483442034e-02 3.200000000000000153e-03 0.000000000000000000e+00
1.663075281878847456e+00 4.316769078326190834e-02 3.200000000000000153e-03 0.000000000000000000e+00
1.663245670138075338e+00 5.098711263168945185e-02 3.200000000000000153e-03 0.000000000000000000e+00
1.663026421932370269e+00 5.880653448011693984e-02 3.200000000000000153e-03 0.000000000000000000e+00
1.662367070351360443e+00 6.662595632854442784e-02 3.200000000000000153e-03 0.000000000000000000e+00
1.661196795728201669e+00 7.444537817697191584e-02 3.200000000000000153e-03 0.000000000000000000e+00
1.659426473682564573e+00 8.226480002539945935e-02 3.200000000000000153e-03 0.000000000000000000e+00
1.656964606751088365e+00 9.008422187382694735e-02 3.200000000000000153e-03 0.000000000000000000e+00
1.655696325950474224e+00 9.342430704281451392e-02 3.200000000000000153e-03 0.000000000000000000e+00
1.654595245828416994e+00 9.790364372225443534e-02 3.200000000000000153e-03 0.000000000000000000e+00
1.652428015154419949e+00 1.057230655706819789e-01 3.200000000000000153e-03 0.000000000000000000e+00
1.650175018675512861e+00 1.135424874191094669e-01 3.200000000000000153e-03 0.000000000000000000e+00
1.648319288504387803e+00 1.213619092675369548e-01 3.200000000000000153e-03 0.000000000000000000e+00
1.647435380347279654e+00 1.291813311159644984e-01 3.200000000000000153e-03 0.000000000000000000e+00
1.647841873692861503e+00 1.370007529643919864e-01 3.200000000000000153e-03 0.000000000000000000e+00
1.649359032855494567e+00 1.448201748128194744e-01 3.200000000000000153e-03 0.000000000000000000e+00
1.651469165886089385e+00 1.526395966612470179e-01 3.200000000000000153e-03 0.000000000000000000e+00
1.653665258496016310e+00 1.604590185096745059e-01 3.200000000000000153e-03 0.000000000000000000e+00
1.655636538553220127e+00 1.682784403581019939e-01 3.200000000000000153e-03 0.000000000000000000e+00
1.655696325950474224e+00 1.685385199133582756e-01 3.200000000000000153e-03 0.000000000000000000e+00
1.658428326780422735e+00 1.760978622065295374e-01 3.200000000000000153e-03 0.000000000000000000e+00
1.660588350591302831e+00 1.839172840549570254e-01 3.200000000000000153e-03 0.000000000000000000e+00
1.662145187838749205e+00 1.917367059033845134e-01 3.200000000000000153e-03 0.000000000000000000e+00
1.663192079044051308e+00 1.995561277518120569e-01 3.200000000000000153e-03 0.000000000000000000e+00
1.663818655877397523e+00 2.073755496002395449e-01 3.200000000000000153e-03 0.000000000000000000e+00
1.664107043122557972e+00 2.151949714486670329e-01 3.200000000000000153e-03 0.000000000000000000e+00
1.664134456744224666e+00 2.230143932970945209e-01 3.200000000000000153e-03 0.000000000000000000e+00
1.663975673619799700e+00 2.308338151455220644e-01 3.200000000000000153e-03 0.000000000000000000e+00
1.663701934026403872e+00 2.386532369939495524e-01 3.200000000000000153e-03 0.000000000000000000e+00
1.663375624817014620e+00 2.464726588423770404e-01 3.200000000000000153e-03 0.000000000000000000e+00
1.663043095982679631e+00 2.542920806908045561e-01 3.200000000000000153e-03 0.000000000000000000e+00
1.662729885804366425e+00 2.621115025392320996e-01 3.200000000000000153e-03 0.000000000000000000e+00
1.662441831904420519e+00 2.699309243876596431e-01 3.200000000000000153e-03 0.000000000000000000e+00
1.662172444320939135e+00 2.777503462360870756e-01 3.200000000000000153e-03 0.000000000000000000e+00
1.661913968810696085e+00 2.855697680845146191e-01 3.200000000000000153e-03 0.000000000000000000e+00
1.661668561172684022e+00 2.933891899329421626e-01 3.200000000000000153e-03 0.000000000000000000e+00
1.661456387947235935e+00 3.012086117813695951e-01 3.200000000000000153e-03 0.000000000000000000e+00
1.661317771889788686e+00 3.090280336297971941e-01 3.200000000000000153e-03 0.000000000000000000e+00
1.661306587584916672e+00 3.168474554782246821e-01 3.200000000000000153e-03 0.000000000000000000e+00
1.661473928199549865e+00 3.246668773266520591e-01 3.200000000000000153e-03 0.000000000000000000e+00
1.661846416784565683e+00 3.324862991750796581e-01 3.200000000000000153e-03 0.000000000000000000e+00
1.662409824624920596e+00 3.403057210235072017e-01 3.200000000000000153e-03 0.000000000000000000e+00
1.663108537019494904e+00 3.481251428719346341e-01 3.200000000000000153e-03 0.000000000000000000e+00
1.663861695196706236e+00 3.559445647203621776e-01 3.200000000000000153e-03 0.000000000000000000e+00
1.664585885293969891e+00 3.637639865687897212e-01 3.200000000000000153e-03 0.000000000000000000e+00
1.665212586725269617e+00 3.715834084172171536e-01 3.200000000000000153e-03 0.000000000000000000e+00
1.665695571089936156e+00 3.794028302656446971e-01 3.200000000000000153e-03 0.000000000000000000e+00
1.666010553564338359e+00 3.872222521140721296e-01 3.200000000000000153e-03 0.000000000000000000e+00
1.666151715544354817e+00 3.950416739624996731e-01 3.200000000000000153e-03 0.000000000000000000e+00
1.666128339932382962e+00 4.028610958109272167e-01 3.200000000000000153e-03 0.000000000000000000e+00
1.665962437321944600e+00 4.106805176593546491e-01 3.200000000000000153e-03 0.000000000000000000e+00
1.665686422931097921e+00 4.184999395077821926e-01 3.200000000000000153e-03 0.000000000000000000e+00
1.665339180454466161e+00 4.263193613562097362e-01 3.200000000000000153e-03 0.000000000000000000e+00
1.664959512108656670e+00 4.341387832046371686e-01 3.200000000000000153e-03 0.000000000000000000e+00
1.664577876696256453e+00 4.419582050530647122e-01 3.200000000000000153e-03 0.000000000000000000e+00
1.664209255767319151e+00 4.497776269014922557e-01 3.200000000000000153e-03 0.000000000000000000e+00
1.663850172346152290e+00 4.575970487499196881e-01 3.200000000000000153e-03 0.000000000000000000e+00
1.663480793160613480e+00 4.654164705983472317e-01 3.200000000000000153e-03 0.000000000000000000e+00
1.663070326901266327e+00 4.732358924467747752e-01 3.200000000000000153e-03 0.000000000000000000e+00
1.662582704189855543e+00 4.810553142952022077e-01 3.200000000000000153e-03 0.000000000000000000e+00
1.661980224254090865e+00 4.888747361436297512e-01 3.200000000000000153e-03 0.000000000000000000e+00
1.661224345539425329e+00 4.966941579920572947e-01 3.200000000000000153e-03 0.000000000000000000e+00
1.660273936675741968e+00 5.045135798404847272e-01 3.200000000000000153e-03 0.000000000000000000e+00
1.659081765264763808e+00 5.123330016889122707e-01 3.200000000000000153e-03 0.000000000000000000e+00
1.657590027630134744e+00 5.201524235373398142e-01 3.200000000000000153e-03 0.000000000000000000e+00
1.655725651435566048e+00 5.279718453857672467e-01 3.200000000000000153e-03 0.000000000000000000e+00
1.655696325950474002e+00 5.280797304948291471e-01 3.200000000000000153e-03 0.000000000000000000e+00
1.654382190385233375e+00 5.357912672341947902e-01 3.200000000000000153e-03 0.000000000000000000e+00
1.652715185001771836e+00 5.436106890826223337e-01 3.200000000000000153e-03 0.000000000000000000e+00
1.650635540322001216e+00 5.514301109310497662e-01 3.200000000000000153e-03 0.000000000000000000e+00
1.648062924039328969e+00 5.592495327794773097e-01 3.200000000000000153e-03 0.000000000000000000e+00
1.644928911080419276e+00 5.670689546279048532e-01 3.200000000000000153e-03 0.000000000000000000e+00
1.643527736544563522e+00 5.702717691089214114e-01 3.200000000000000153e-03 0.000000000000000000e+00
1.642104478579773597e+00 5.748883764763322857e-01 3.200000000000000153e-03 0.000000000000000000e+00
1.639496820486355588e+00 5.827077983247598292e-01 3.200000000000000153e-03 0.000000000000000000e+00
1.636671721402985114e+00 5.905272201731873727e-01 3.200000000000000153e-03 0.000000000000000000e+00
1.633808065045192714e+00 5.983466420216148052e-01 3.200000000000000153e-03 0.000000000000000000e+00
1.631359147138653265e+00 6.055100037647712652e-01 3.200000000000000153e-03 0.000000000000000000e+00
1.631198223588868457e+00 6.061660638700423487e-01 3.200000000000000153e-03 0.000000000000000000e+00
1.629655488779469197e+00 6.139854857184698922e-01 3.200000000000000153e-03 0.000000000000000000e+00
1.628343646387455879e+00 6.218049075668973247e-01 3.200000000000000153e-03 0.000000000000000000e+00
1.627191140664745017e+00 6.296243294153248682e-01 3.200000000000000153e-03 0.000000000000000000e+00
1.626065511747879722e+00 6.374437512637524117e-01 3.200000000000000153e-03 0.000000000000000000e+00
1.624812133673536829e+00 6.452631731121798442e-01 3.200000000000000153e-03 0.000000000000000000e+00
1.623279764057234731e+00 6.530825949606074987e-01 3.200000000000000153e-03 0.000000000000000000e+00
1.621326680802364084e+00 6.609020168090349312e-01 3.200000000000000153e-03 0.000000000000000000e+00
1.619190557732742564e+00 6.676228001073735152e-01 3.200000000000000153e-03 0.000000000000000000e+00
1.618936723736883465e+00 6.687214386574623637e-01 3.200000000000000153e-03 0.000000000000000000e+00
1.616781307165051640e+00 6.765408605058899072e-01 3.200000000000000153e-03 0.000000000000000000e+00
1.614043700515991331e+00 6.843602823543173397e-01 3.200000000000000153e-03 0.000000000000000000e+00
1.610555921679873492e+00 6.921797042027448832e-01 3.200000000000000153e-03 0.000000000000000000e+00
1.607021968326831862e+00 6.985326123488808658e-01 3.200000000000000153e-03 0.000000000000000000e+00
1.606356472798911250e+00 6.999991260511724267e-01 3.200000000000000153e-03 0.000000000000000000e+00
1.602263791256125058e+00 7.078185478995998592e-01 3.200000000000000153e-03 0.000000000000000000e+00
1.596912301136936607e+00 7.156379697480274027e-01 3.200000000000000153e-03 0.000000000000000000e+00
1.594853378920921605e+00 7.182564601911543001e-01 3.200000000000000153e-03 0.000000000000000000e+00
1.591069682244176997e+00 7.234573915964549462e-01 3.200000000000000153e-03 0.000000000000000000e+00
1.584124447942271141e+00 7.312768134448823787e-01 3.200000000000000153e-03 0.000000000000000000e+00
1.582684789515011126e+00 7.328147989151103658e-01 3.200000000000000153e-03 0.000000000000000000e+00
1.576870629667114221e+00 7.390962352933099222e-01 3.200000000000000153e-03 0.000000000000000000e+00
1.570516200109100202e+00 7.457718406641703490e-01 3.200000000000000153e-03 0.000000000000000000e+00
1.569439193354409623e+00 7.469156571417374657e-01 3.200000000000000153e-03 0.000000000000000000e+00
1.563951317967188004e+00 7.547350789901648982e-01 3.200000000000000153e-03 0.000000000000000000e+00
1.560877311265920886e+00 7.625545008385924417e-01 3.200000000000000153e-03 0.000000000000000000e+00
1.560619879517036956e+00 7.703739226870198742e-01 3.200000000000000153e-03 0.000000000000000000e+00
1.562626050685026247e+00 7.781933445354475287e-01 3.200000000000000153e-03 0.000000000000000000e+00
1.566026363733990401e+00 7.860127663838748502e-01 3.200000000000000153e-03 0.000000000000000000e+00
1.570158940924352597e+00 7.938321882323023937e-01 3.200000000000000153e-03 0.000000000000000000e+00
1.570516200109100202e+00 7.943924694772751538e-01 3.200000000000000153e-03 0.000000000000000000e+00
1.575846521644185261e+00 8.016516100807299372e-01 3.200000000000000153e-03 0.000000000000000000e+00
1.581647043460288504e+00 8.094710319291574807e-01 3.200000000000000153e-03 0.000000000000000000e+00
1.582684789515010904e+00 8.107523902763736912e-01 3.200000000000000153e-03 0.000000000000000000e+00
1.588579506163374067e+00 8.172904537775850242e-01 3.200000000000000153e-03 0.000000000000000000e+00
1.594853378920921605e+00 8.247901148836065399e-01 3.200000000000000153e-03 0.000000000000000000e+00
1.595149881341698439e+00 8.251098756260126788e-01 3.200000000000000153e-03 0.000000000000000000e+00
1.602376029791548584e+00 8.329292974744398892e-01 3.200000000000000153e-03 0.000000000000000000e+00
1.607021968326831862e+00 8.389248900324185465e-01 3.200000000000000153e-03 0.000000000000000000e+00
1.608592280182806755e+00 8.407487193228674327e-01 3.200000000000000153e-03 0.000000000000000000e+00
1.614620792843993513e+00 8.485681411712949762e-01 3.200000000000000153e-03 0.000000000000000000e+00
1.619149300802276148e+00 8.563875630197225197e-01 3.200000000000000153e-03 0.000000000000000000e+00
1.619190557732742564e+00 8.564703058035403327e-01 3.200000000000000153e-03 0.000000000000000000e+00
1.623837492494112578e+00 8.642069848681500632e-01 3.200000000000000153e-03 0.000000000000000000e+00
1.627230324047770127e+00 8.720264067165776067e-01 3.200000000000000153e-03 0.000000000000000000e+00
1.629618984087654043e+00 8.798458285650049282e-01 3.200000000000000153e-03 0.000000000000000000e+00
1.631221722675542551e+00 8.876652504134324717e-01 3.200000000000000153e-03 0.000000000000000000e+00
1.631359147138653265e+00 8.887225749392582141e-01 3.200000000000000153e-03 0.000000000000000000e+00
1.632615137486802315e+00 8.954846722618600152e-01 3.200000000000000153e-03 0.000000000000000000e+00
1.633277686789259109e+00 9.033040941102874477e-01 3.200000000000000153e-03 0.000000000000000000e+00
1.633219895957475298e+00 9.111235159587151022e-01 3.200000000000000153e-03 0.000000000000000000e+00
1.632461247041889996e+00 9.189429378071426457e-01 3.200000000000000153e-03 0.000000000000000000e+00
1.631359147138653265e+00 9.247561292284214307e-01 3.200000000000000153e-03 0.000000000000000000e+00
1.631099461432974351e+00 9.267623596555699672e-01 3.200000000000000153e-03 0.000000000000000000e+00
1.629573995020394017e+00 9.345817815039975107e-01 3.200000000000000153e-03 0.000000000000000000e+00
1.627372380123165208e+00 9.424012033524250542e-01 3.200000000000000153e-03 0.000000000000000000e+00
1.624282475174504414e+00 9.502206252008525977e-01 3.200000000000000153e-03 0.000000000000000000e+00
1.619979400491714294e+00 9.580400470492801412e-01 3.200000000000000153e-03 0.000000000000000000e+00
1.619190557732742564e+00 9.592466495704957685e-01 3.200000000000000153e-03 0.000000000000000000e+00
1.615619765657520412e+00 9.658594688977076848e-01 3.200000000000000153e-03 0.000000000000000000e+00
1.609937646328340577e+00 9.736788907461350062e-01 3.200000000000000153e-03 0.000000000000000000e+00
1.607021968326831862e+00 9.770631863310320631e-01 3.200000000000000153e-03 0.000000000000000000e+00
1.603557025877660580e+00 9.814983125945625497e-01 3.200000000000000153e-03 0.000000000000000000e+00
1.596588902156356848e+00 9.893177344429900932e-01 3.200000000000000153e-03 0.000000000000000000e+00
1.594853378920921605e+00 9.913572809035512412e-01 3.200000000000000153e-03 0.000000000000000000e+00
1.590612436800722618e+00 9.971371562914176367e-01 3.200000000000000153e-03 0.000000000000000000e+00
1.586261196227138015e+00 1.004956578139845069e+00 3.200000000000000153e-03 0.000000000000000000e+00
1.584040916746199512e+00 1.012775999988272391e+00 3.200000000000000153e-03 0.000000000000000000e+00
1.583820674941006645e+00 1.020595421836699934e+00 3.200000000000000153e-03 0.000000000000000000e+00
1.584763915809439538e+00 1.028414843685127478e+00 3.200000000000000153e-03 0.000000000000000000e+00
1.586039525000479733e+00 1.036234265533555021e+00 3.200000000000000153e-03 0.000000000000000000e+00
1.587123996859598041e+00 1.044053687381982565e+00 3.200000000000000153e-03 0.000000000000000000e+00
1.587759113044472148e+00 1.051873109230410108e+00 3.200000000000000153e-03 0.000000000000000000e+00
1.587834950060598160e+00 1.059692531078837430e+00 3.200000000000000153e-03 0.000000000000000000e+00
1.587311728196941552e+00 1.067511952927264973e+00 3.200000000000000153e-03 0.000000000000000000e+00
1.586191762421487628e+00 1.075331374775692739e+00 3.200000000000000153e-03 0.000000000000000000e+00
1.584528719108251993e+00 1.083150796624120060e+00 3.200000000000000153e-03 0.000000000000000000e+00
1.582684789515010904e+00 1.090166467161336694e+00 3.200000000000000153e-03 0.000000000000000000e+00
1.582531719174402607e+00 1.090970218472547604e+00 3.200000000000000153e-03 0.000000000000000000e+00
1.581026719897798083e+00 1.098789640320975147e+00 3.200000000000000153e-03 0.000000000000000000e+00
1.579616059546425699e+00 1.106609062169402469e+00 3.200000000000000153e-03 0.000000000000000000e+00
1.578468198609632056e+00 1.114428484017830012e+00 3.200000000000000153e-03 0.000000000000000000e+00
1.577623585323149724e+00 1.122247905866257556e+00 3.200000000000000153e-03 0.000000000000000000e+00
1.576968192758168907e+00 1.130067327714685099e+00 3.200000000000000153e-03 0.000000000000000000e+00
1.576279509874117801e+00 1.137886749563112643e+00 3.200000000000000153e-03 0.000000000000000000e+00
1.575288908228666518e+00 1.145706171411540186e+00 3.200000000000000153e-03 0.000000000000000000e+00
1.573709243943174796e+00 1.153525593259967508e+00 3.200000000000000153e-03 0.000000000000000000e+00
1.571217287393819717e+00 1.161345015108394829e+00 3.200000000000000153e-03 0.000000000000000000e+00
1.570516200109100202e+00 1.162931734068607836e+00 3.200000000000000153e-03 0.000000000000000000e+00
1.568286742838931325e+00 1.169164436956822595e+00 3.200000000000000153e-03 0.000000000000000000e+00
1.564157720733422963e+00 1.176983858805250138e+00 3.200000000000000153e-03 0.000000000000000000e+00
1.558347610703189945e+00 1.184392323071993269e+00 3.200000000000000153e-03 0.000000000000000000e+00
1.558040998487258300e+00 1.184803280653677682e+00 3.200000000000000153e-03 0.000000000000000000e+00
1.550725986591930727e+00 1.192622702502105225e+00 3.200000000000000153e-03 0.000000000000000000e+00
1.546179021297279244e+00 1.196327822909792449e+00 3.200000000000000153e-03 0.000000000000000000e+00
1.540476316051402117e+00 1.200442124350532547e+00 3.200000000000000153e-03 0.000000000000000000e+00
1.534010431891368542e+00 1.204434903066285756e+00 3.200000000000000153e-03 0.000000000000000000e+00
1.525995196157279077e+00 1.208261546198960090e+00 3.200000000000000153e-03 0.000000000000000000e+00
1.521841842485458285e+00 1.210176873868501701e+00 3.200000000000000153e-03 0.000000000000000000e+00
1.509673253079547584e+00 1.214304710710148116e+00 3.200000000000000153e-03 0.000000000000000000e+00
1.501375204350283488e+00 1.216080968047387634e+00 3.200000000000000153e-03 0.000000000000000000e+00
1.497504663673636882e+00 1.217032067244725235e+00 3.200000000000000153e-03 0.000000000000000000e+00
1.485336074267726625e+00 1.218862515696997217e+00 3.200000000000000153e-03 0.000000000000000000e+00
1.473167484861815923e+00 1.219573306089846154e+00 3.200000000000000153e-03 0.000000000000000000e+00
1.460998895455905222e+00 1.219341208773028207e+00 3.200000000000000153e-03 0.000000000000000000e+00
1.448830306049994743e+00 1.218240961053784099e+00 3.200000000000000153e-03 0.000000000000000000e+00
1.436661716644084263e+00 1.216328145168913855e+00 3.200000000000000153e-03 0.000000000000000000e+00
1.435348555496951617e+00 1.216080968047387634e+00 3.200000000000000153e-03 0.000000000000000000e+00
1.424493127238173562e+00 1.214365878505933027e+00 3.200000000000000153e-03 0.000000000000000000e+00
1.412324537832263305e+00 1.212347611432124772e+00 3.200000000000000153e-03 0.000000000000000000e+00
1.400155948426352603e+00 1.210954879194511280e+00 3.200000000000000153e-03 0.000000000000000000e+00
1.387987359020441902e+00 1.211069754722144287e+00 3.200000000000000153e-03 0.000000000000000000e+00
1.375818769614531645e+00 1.212892114985060887e+00 3.200000000000000153e-03 0.000000000000000000e+00
1.363650180208620943e+00 1.215582455497100645e+00 3.200000000000000153e-03 0.000000000000000000e+00
1.361442968081823857e+00 1.216080968047387634e+00 3.200000000000000153e-03 0.000000000000000000e+00
1.351481590802710464e+00 1.218540566497018141e+00 3.200000000000000153e-03 0.000000000000000000e+00
1.339313001396799985e+00 1.220708378702829000e+00 3.200000000000000153e-03 0.000000000000000000e+00
1.327144411990889283e+00 1.221871785117515596e+00 3.200000000000000153e-03 0.000000000000000000e+00
1.314975822584978582e+00 1.222160036745764344e+00 3.200000000000000153e-03 0.000000000000000000e+00
1.302807233179068325e+00 1.221791411942050987e+00 3.200000000000000153e-03 0.000000000000000000e+00
1.290638643773157623e+00 1.221108155352072178e+00 3.200000000000000153e-03 0.000000000000000000e+00
1.278470054367246922e+00 1.220775397051158118e+00 3.200000000000000153e-03 0.000000000000000000e+00
1.266301464961336443e+00 1.222214881090946337e+00 3.200000000000000153e-03 0.000000000000000000e+00
1.262436033298267812e+00 1.223900389895815177e+00 3.200000000000000153e-03 0.000000000000000000e+00
1.254132875555425963e+00 1.229275420985173728e+00 3.200000000000000153e-03 0.000000000000000000e+00
1.252130846223603600e+00 1.231719811744242721e+00 3.200000000000000153e-03 0.000000000000000000e+00
1.246296333051426064e+00 1.239539233592670264e+00 3.200000000000000153e-03 0.000000000000000000e+00
1.241964286149515262e+00 1.244909247687571829e+00 3.200000000000000153e-03 0.000000000000000000e+00
1.240340656678516229e+00 1.247358655441097586e+00 3.200000000000000153e-03 0.000000000000000000e+00
1.233943144985220952e+00 1.255178077289525129e+00 3.200000000000000153e-03 0.000000000000000000e+00
1.229795696743604783e+00 1.259138547036428912e+00 3.200000000000000153e-03 0.000000000000000000e+00
1.225499473227815939e+00 1.262997499137952673e+00 3.200000000000000153e-03 0.000000000000000000e+00
1.217627107337694303e+00 1.268631968214312122e+00 3.200000000000000153e-03 0.000000000000000000e+00
1.213721829929410578e+00 1.270816920986380216e+00 3.200000000000000153e-03 0.000000000000000000e+00
1.205458517931783602e+00 1.274988678373115469e+00 3.200000000000000153e-03 0.000000000000000000e+00
1.193974388876487325e+00 1.278636342834807982e+00 3.200000000000000153e-03 0.000000000000000000e+00
1.193289928525873123e+00 1.278860789658867070e+00 3.200000000000000153e-03 0.000000000000000000e+00
1.181121339119962643e+00 1.281311063014140217e+00 3.200000000000000153e-03 0.000000000000000000e+00
1.168952749714051942e+00 1.282082240673326545e+00 3.200000000000000153e-03 0.000000000000000000e+00
1.156784160308141463e+00 1.281410819861158679e+00 3.200000000000000153e-03 0.000000000000000000e+00
1.144615570902230983e+00 1.279250861320681887e+00 3.200000000000000153e-03 0.000000000000000000e+00
1.142483506584084818e+00 1.278636342834807760e+00 3.200000000000000153e-03 0.000000000000000000e+00
1.132446981496320282e+00 1.276044399898296433e+00 3.200000000000000153e-03 0.000000000000000000e+00
1.120278392090409803e+00 1.271161108364912362e+00 3.200000000000000153e-03 0.000000000000000000e+00
1.119552411149777216e+00 1.270816920986380216e+00 3.200000000000000153e-03 0.000000000000000000e+00
1.108109802684499323e+00 1.265160785693141499e+00 3.200000000000000153e-03 0.000000000000000000e+00
1.104233962854984874e+00 1.262997499137952673e+00 3.200000000000000153e-03 0.000000000000000000e+00
1.095941213278588622e+00 1.257696214911938837e+00 3.200000000000000153e-03 0.000000000000000000e+00
1.091763784946268245e+00 1.255178077289525129e+00 3.200000000000000153e-03 0.000000000000000000e+00
1.083772623872678142e+00 1.249152125487416720e+00 3.200000000000000153e-03 0.000000000000000000e+00
1.080597293717185492e+00 1.247358655441097586e+00 3.200000000000000153e-03 0.000000000000000000e+00
1.071604034466767663e+00 1.240456486884584208e+00 3.200000000000000153e-03 0.000000000000000000e+00
1.069175898249968393e+00 1.239539233592670264e+00 3.200000000000000153e-03 0.000000000000000000e+00
1.059435445060856962e+00 1.234101205786167554e+00 3.200000000000000153e-03 0.000000000000000000e+00
1.047266855654946482e+00 1.235392291424150413e+00 3.200000000000000153e-03 0.000000000000000000e+00
1.041940848685071863e+00 1.239539233592670264e+00 3.200000000000000153e-03 0.000000000000000000e+00
1.035098266249036003e+00 1.243935865217667747e+00 3.200000000000000153e-03 0.000000000000000000e+00
1.030586166775366852e+00 1.247358655441097586e+00 3.200000000000000153e-03 0.000000000000000000e+00
1.022929676843125302e+00 1.251751546641798329e+00 3.200000000000000153e-03 0.000000000000000000e+00
1.014883874601501201e+00 1.255178077289525129e+00 3.200000000000000153e-03 0.000000000000000000e+00
1.010761087437214822e+00 1.256600032398968114e+00 3.200000000000000153e-03 0.000000000000000000e+00
9.985924980313043431e-01 1.258918517220293465e+00 3.200000000000000153e-03 0.000000000000000000e+00
9.864239086253936417e-01 1.259660497922115763e+00 3.200000000000000153e-03 0.000000000000000000e+00
9.742553192194831624e-01 1.259595465697425531e+00 3.200000000000000153e-03 0.000000000000000000e+00
9.620867298135726831e-01 1.259500233944990999e+00 3.200000000000000153e-03 0.000000000000000000e+00
9.499181404076619817e-01 1.259922215318304284e+00 3.200000000000000153e-03 0.000000000000000000e+00
9.377495510017515024e-01 1.260920117287338993e+00 3.200000000000000153e-03 0.000000000000000000e+00
9.255809615958410230e-01 1.262081359912509804e+00 3.200000000000000153e-03 0.000000000000000000e+00
9.134123721899303217e-01 1.262831630094689128e+00 3.200000000000000153e-03 0.000000000000000000e+00
9.012437827840198423e-01 1.262696935044182345e+00 3.200000000000000153e-03 0.000000000000000000e+00
8.890751933781093630e-01 1.261337692944289879e+00 3.200000000000000153e-03 0.000000000000000000e+00
8.769066039721986616e-01 1.258450327801035940e+00 3.200000000000000153e-03 0.000000000000000000e+00
8.683146451068961547e-01 1.255178077289525129e+00 3.200000000000000153e-03 0.000000000000000000e+00
8.647380145662881823e-01 1.253780277922042385e+00 3.200000000000000153e-03 0.000000000000000000e+00
8.525694251603777030e-01 1.247358655441097586e+00 3.200000000000000153e-03 0.000000000000000000e+00
8.525694251603777030e-01 1.247358655441097586e+00 3.200000000000000153e-03 0.000000000000000000e+00
8.404008357544670016e-01 1.239587223325758547e+00 3.200000000000000153e-03 0.000000000000000000e+00
8.403225049528606494e-01 1.239539233592670264e+00 3.200000000000000153e-03 0.000000000000000000e+00
8.282322463485565223e-01 1.231775114833422391e+00 3.200000000000000153e-03 0.000000000000000000e+00
8.281162755187254643e-01 1.231719811744242721e+00 3.200000000000000153e-03 0.000000000000000000e+00
8.160636569426460429e-01 1.226089689900167201e+00 3.200000000000000153e-03 0.000000000000000000e+00
8.046815001724189065e-01 1.223900389895815177e+00 3.200000000000000153e-03 0.000000000000000000e+00
8.038950675367353416e-01 1.223761161341653025e+00 3.200000000000000153e-03 0.000000000000000000e+00
8.027749909204211498e-01 1.223900389895815177e+00 3.200000000000000153e-03 0.000000000000000000e+00
7.917264781308248622e-01 1.225426930789833557e+00 3.200000000000000153e-03 0.000000000000000000e+00
7.795578887249143829e-01 1.230620777102688912e+00 3.200000000000000153e-03 0.000000000000000000e+00
7.778012145008690315e-01 1.231719811744242721e+00 3.200000000000000153e-03 0.000000000000000000e+00
7.673892993190036815e-01 1.238135752639897280e+00 3.200000000000000153e-03 0.000000000000000000e+00
7.652742492601112279e-01 1.239539233592670264e+00 3.200000000000000153e-03 0.000000000000000000e+00
7.552207099130932022e-01 1.245683260137325998e+00 3.200000000000000153e-03 0.000000000000000000e+00
7.520357277610734137e-01 1.247358655441097586e+00 3.200000000000000153e-03 0.000000000000000000e+00
7.430521205071827229e-01 1.251711409884894044e+00 3.200000000000000153e-03 0.000000000000000000e+00
7.325159042924950237e-01 1.255178077289525129e+00 3.200000000000000153e-03 0.000000000000000000e+00
7.308835311012720215e-01 1.255702750042613891e+00 3.200000000000000153e-03 0.000000000000000000e+00
7.187149416953615422e-01 1.257876933828618427e+00 3.200000000000000153e-03 0.000000000000000000e+00
7.065463522894511739e-01 1.258160748483781566e+00 3.200000000000000153e-03 0.000000000000000000e+00
6.943777628835403615e-01 1.256577597311208994e+00 3.200000000000000153e-03 0.000000000000000000e+00
6.894500825963931767e-01 1.255178077289525129e+00 3.200000000000000153e-03 0.000000000000000000e+00
6.822091734776298821e-01 1.253069497223129769e+00 3.200000000000000153e-03 0.000000000000000000e+00
6.700569059217760248e-01 1.247358655441097586e+00 3.200000000000000153e-03 0.000000000000000000e+00
6.700405840717194028e-01 1.247349984965576253e+00 3.200000000000000153e-03 0.000000000000000000e+00
6.582932341367647711e-01 1.239539233592670264e+00 3.200000000000000153e-03 0.000000000000000000e+00
6.578719946658087014e-01 1.239202625498133870e+00 3.200000000000000153e-03 0.000000000000000000e+00
6.484968773553738686e-01 1.231719811744242721e+00 3.200000000000000153e-03 0.000000000000000000e+00
6.457034052598982221e-01 1.229126636380045046e+00 3.200000000000000153e-03 0.000000000000000000e+00
6.381515023822630361e-01 1.223900389895815177e+00 3.200000000000000153e-03 0.000000000000000000e+00
6.335348158539877428e-01 1.220768597524813481e+00 3.200000000000000153e-03 0.000000000000000000e+00
6.213662264480770414e-01 1.217630007000886527e+00 3.200000000000000153e-03 0.000000000000000000e+00
6.091976370421665621e-01 1.218602528404553409e+00 3.200000000000000153e-03 0.000000000000000000e+00
5.970290476362560828e-01 1.221568405544827485e+00 3.200000000000000153e-03 0.000000000000000000e+00
5.892527108013476678e-01 1.223900389895815177e+00 3.200000000000000153e-03 0.000000000000000000e+00
5.848604582303453814e-01 1.225286715658973735e+00 3.200000000000000153e-03 0.000000000000000000e+00
5.726918688244349021e-01 1.229216535429592749e+00 3.200000000000000153e-03 0.000000000000000000e+00
5.635124599526558642e-01 1.231719811744242721e+00 3.200000000000000153e-03 0.000000000000000000e+00
5.605232794185244227e-01 1.232658499574888600e+00 3.200000000000000153e-03 0.000000000000000000e+00
5.483546900126137214e-01 1.235575304852394751e+00 3.200000000000000153e-03 0.000000000000000000e+00
5.361861006067032420e-01 1.237284892345250631e+00 3.200000000000000153e-03 0.000000000000000000e+00
5.240175112007927627e-01 1.237674689927167115e+00 3.200000000000000153e-03 0.000000000000000000e+00
5.118489217948820613e-01 1.236699655280168120e+00 3.200000000000000153e-03 0.000000000000000000e+00
4.996803323889715820e-01 1.234558363555492200e+00 3.200000000000000153e-03 0.000000000000000000e+00
4.875117429830611027e-01 1.231955519093927531e+00 3.200000000000000153e-03 0.000000000000000000e+00
4.858527481822442762e-01 1.231719811744242721e+00 3.200000000000000153e-03 0.000000000000000000e+00
4.753431535771504013e-01 1.230256064514322345e+00 3.200000000000000153e-03 0.000000000000000000e+00
4.631745641712399220e-01 1.230500946332160339e+00 3.200000000000000153e-03 0.000000000000000000e+00
4.575421725404243412e-01 1.231719811744242721e+00 3.200000000000000153e-03 0.000000000000000000e+00
4.510059747653294981e-01 1.233067173382788928e+00 3.200000000000000153e-03 0.000000000000000000e+00
4.388373853594187413e-01 1.236976677062548324e+00 3.200000000000000153e-03 0.000000000000000000e+00
4.312785592456427897e-01 1.239539233592670264e+00 3.200000000000000153e-03 0.000000000000000000e+00
4.266687959535082619e-01 1.240961055688827086e+00 3.200000000000000153e-03 0.000000000000000000e+00
4.145002065475977826e-01 1.244216431315986027e+00 3.200000000000000153e-03 0.000000000000000000e+00
4.023316171416870812e-01 1.246364195016721688e+00 3.200000000000000153e-03 0.000000000000000000e+00
3.901630277357766019e-01 1.247343517869569318e+00 3.200000000000000153e-03 0.000000000000000000e+00
3.779944383298661226e-01 1.247137425338896710e+00 3.200000000000000153e-03 0.000000000000000000e+00
3.658258489239554212e-01 1.245660503547421305e+00 3.200000000000000153e-03 0.000000000000000000e+00
3.536572595180449419e-01 1.242693428850367043e+00 3.200000000000000153e-03 0.000000000000000000e+00
3.454334945611727270e-01 1.239539233592670264e+00 3.200000000000000153e-03 0.000000000000000000e+00
3.414886701121344625e-01 1.237876773808608943e+00 3.200000000000000153e-03 0.000000000000000000e+00
3.308345229969704704e-01 1.231719811744242721e+00 3.200000000000000153e-03 0.000000000000000000e+00
3.293200807062237612e-01 1.230666427026752441e+00 3.200000000000000153e-03 0.000000000000000000e+00
3.211067676242084779e-01 1.223900389895815177e+00 3.200000000000000153e-03 0.000000000000000000e+00
3.171514913003132818e-01 1.219726262409208450e+00 3.200000000000000153e-03 0.000000000000000000e+00
3.138292298189985230e-01 1.216080968047387634e+00 3.200000000000000153e-03 0.000000000000000000e+00
3.080040921211932292e-01 1.208261546198960090e+00 3.200000000000000153e-03 0.000000000000000000e+00
3.049829018944028025e-01 1.203528210358505657e+00 3.200000000000000153e-03 0.000000000000000000e+00
3.027199501963931949e-01 1.200442124350532547e+00 3.200000000000000153e-03 0.000000000000000000e+00
2.969590307561016385e-01 1.192622702502105225e+00 3.200000000000000153e-03 0.000000000000000000e+00
2.928143124884921011e-01 1.187740062174294842e+00 3.200000000000000153e-03 0.000000000000000000e+00
2.892137617347334544e-01 1.184803280653677682e+00 3.200000000000000153e-03 0.000000000000000000e+00
2.806457230825816218e-01 1.179396122063853580e+00 3.200000000000000153e-03 0.000000000000000000e+00
2.729498713460858927e-01 1.176983858805250138e+00 3.200000000000000153e-03 0.000000000000000000e+00
2.684771336766710315e-01 1.175866453444930348e+00 3.200000000000000153e-03 0.000000000000000000e+00
2.563085442707604411e-01 1.175151740932744548e+00 3.200000000000000153e-03 0.000000000000000000e+00
2.441399548648499618e-01 1.176010225277735799e+00 3.200000000000000153e-03 0.000000000000000000e+00
2.369955967893572768e-01 1.176983858805250138e+00 3.200000000000000153e-03 0.000000000000000000e+00
2.319713654589393714e-01 1.177689181311702082e+00 3.200000000000000153e-03 0.000000000000000000e+00
2.198027760530287811e-01 1.179512248202541969e+00 3.200000000000000153e-03 0.000000000000000000e+00
2.076341866471183295e-01 1.180795509723059800e+00 3.200000000000000153e-03 0.000000000000000000e+00
1.954655972412077114e-01 1.181048101398944894e+00 3.200000000000000153e-03 0.000000000000000000e+00
1.832970078352970933e-01 1.179800830624350150e+00 3.200000000000000153e-03 0.000000000000000000e+00
1.727382827635754459e-01 1.176983858805250138e+00 3.200000000000000153e-03 0.000000000000000000e+00
1.711284184293866417e-01 1.176507583066625395e+00 3.200000000000000153e-03 0.000000000000000000e+00
1.589598290234760514e-01 1.170336361778056666e+00 3.200000000000000153e-03 0.000000000000000000e+00
1.573017284771138224e-01 1.169164436956822373e+00 3.200000000000000153e-03 0.000000000000000000e+00
1.488284929887258856e-01 1.161345015108395051e+00 3.200000000000000153e-03 0.000000000000000000e+00
1.467912396175654610e-01 1.158552178977107383e+00 3.200000000000000153e-03 0.000000000000000000e+00
1.435133323111294212e-01 1.153525593259967508e+00 3.200000000000000153e-03 0.000000000000000000e+00
1.405035800568380788e-01 1.145706171411540186e+00 3.200000000000000153e-03 0.000000000000000000e+00
1.392930398798039315e-01 1.137886749563112643e+00 3.200000000000000153e-03 0.000000000000000000e+00
1.395752511166442889e-01 1.130067327714685099e+00 3.200000000000000153e-03 0.000000000000000000e+00
1.411943574350447983e-01 1.122247905866257556e+00 3.200000000000000153e-03 0.000000000000000000e+00
1.441014534195361740e-01 1.114428484017830012e+00 3.200000000000000153e-03 0.000000000000000000e+00
1.467912396175654610e-01 1.109336046471079529e+00 3.200000000000000153e-03 0.000000000000000000e+00
1.482329876345782615e-01 1.106609062169402469e+00 3.200000000000000153e-03 0.000000000000000000e+00
1.534471623519766403e-01 1.098789640320975147e+00 3.200000000000000153e-03 0.000000000000000000e+00
1.589598290234760514e-01 1.091991336094882969e+00 3.200000000000000153e-03 0.000000000000000000e+00
1.598800571720840336e-01 1.090970218472547604e+00 3.200000000000000153e-03 0.000000000000000000e+00
1.674905248970040283e-01 1.083150796624120060e+00 3.200000000000000153e-03 0.000000000000000000e+00
1.711284184293866417e-01 1.079589664228229218e+00 3.200000000000000153e-03 0.000000000000000000e+00
1.764898226807907478e-01 1.075331374775692517e+00 3.200000000000000153e-03 0.000000000000000000e+00
1.832970078352971210e-01 1.069821116283421691e+00 3.200000000000000153e-03 0.000000000000000000e+00
1.873156561195324366e-01 1.067511952927264973e+00 3.200000000000000153e-03 0.000000000000000000e+00
1.954655972412077114e-01 1.062370390334569592e+00 3.200000000000000153e-03 0.000000000000000000e+00
2.028138094673115066e-01 1.059692531078837430e+00 3.200000000000000153e-03 0.000000000000000000e+00
2.076341866471183017e-01 1.057596771341272168e+00 3.200000000000000153e-03 0.000000000000000000e+00
2.198027760530287811e-01 1.055495487895802720e+00 3.200000000000000153e-03 0.000000000000000000e+00
2.319713654589393714e-01 1.055771694681255202e+00 3.200000000000000153e-03 0.000000000000000000e+00
2.441399548648499618e-01 1.057362507904557880e+00 3.200000000000000153e-03 0.000000000000000000e+00
2.563085442707604411e-01 1.059032379499312837e+00 3.200000000000000153e-03 0.000000000000000000e+00
2.684771336766710315e-01 1.059387940928628646e+00 3.200000000000000153e-03 0.000000000000000000e+00
2.806457230825816218e-01 1.056836257732631790e+00 3.200000000000000153e-03 0.000000000000000000e+00
2.886127330136623037e-01 1.051873109230410108e+00 3.200000000000000153e-03 0.000000000000000000e+00
2.928143124884921011e-01 1.046971696771816118e+00 3.200000000000000153e-03 0.000000000000000000e+00
2.940946106262343207e-01 1.044053687381982565e+00 3.200000000000000153e-03 0.000000000000000000e+00
2.956976906766530799e-01 1.036234265533555021e+00 3.200000000000000153e-03 0.000000000000000000e+00
2.965917332536902040e-01 1.028414843685127478e+00 3.200000000000000153e-03 0.000000000000000000e+00
2.978677001312148298e-01 1.020595421836699934e+00 3.200000000000000153e-03 0.000000000000000000e+00
3.005962675128241446e-01 1.012775999988272391e+00 3.200000000000000153e-03 0.000000000000000000e+00
3.049829018944028025e-01 1.006375124797668663e+00 3.200000000000000153e-03 0.000000000000000000e+00
3.056928836165415109e-01 1.004956578139845069e+00 3.200000000000000153e-03 0.000000000000000000e+00
3.121824044767341211e-01 9.971371562914176367e-01 3.200000000000000153e-03 0.000000000000000000e+00
3.171514913003132818e-01 9.932714223651475383e-01 3.200000000000000153e-03 0.000000000000000000e+00
3.216668576005378144e-01 9.893177344429900932e-01 3.200000000000000153e-03 0.000000000000000000e+00
3.293200807062237612e-01 9.844311016535134407e-01 3.200000000000000153e-03 0.000000000000000000e+00
3.341172204250744127e-01 9.814983125945625497e-01 3.200000000000000153e-03 0.000000000000000000e+00
3.414886701121344625e-01 9.777638327917318462e-01 3.200000000000000153e-03 0.000000000000000000e+00
3.512970569530593501e-01 9.736788907461350062e-01 3.200000000000000153e-03 0.000000000000000000e+00
3.536572595180449419e-01 9.727539281915349445e-01 3.200000000000000153e-03 0.000000000000000000e+00
3.658258489239554212e-01 9.688118888949355245e-01 3.200000000000000153e-03 0.000000000000000000e+00
3.778137799177379574e-01 9.658594688977076848e-01 3.200000000000000153e-03 0.000000000000000000e+00
3.779944383298661226e-01 9.658085318368315741e-01 3.200000000000000153e-03 0.000000000000000000e+00
3.901630277357766019e-01 9.623951745371376321e-01 3.200000000000000153e-03 0.000000000000000000e+00
4.021290150058843271e-01 9.580400470492801412e-01 3.200000000000000153e-03 0.000000000000000000e+00
4.023316171416870812e-01 9.579372844845122081e-01 3.200000000000000153e-03 0.000000000000000000e+00
4.123380809521335899e-01 9.502206252008525977e-01 3.200000000000000153e-03 0.000000000000000000e+00
4.145002065475977271e-01 9.477358757696282554e-01 3.200000000000000153e-03 0.000000000000000000e+00
4.178231167211130526e-01 9.424012033524250542e-01 3.200000000000000153e-03 0.000000000000000000e+00
4.213899824154525575e-01 9.345817815039973997e-01 3.200000000000000153e-03 0.000000000000000000e+00
4.241559705352300758e-01 9.267623596555700782e-01 3.200000000000000153e-03 0.000000000000000000e+00
4.264146360617213083e-01 9.189429378071427568e-01 3.200000000000000153e-03 0.000000000000000000e+00
4.266687959535082619e-01 9.178140935701784020e-01 3.200000000000000153e-03 0.000000000000000000e+00
4.281001532224925077e-01 9.111235159587151022e-01 3.200000000000000153e-03 0.000000000000000000e+00
4.296665743772203339e-01 9.033040941102875587e-01 3.200000000000000153e-03 0.000000000000000000e+00
4.313843335326105755e-01 8.954846722618600152e-01 3.200000000000000153e-03 0.000000000000000000e+00
4.337251127690339714e-01 8.876652504134324717e-01 3.200000000000000153e-03 0.000000000000000000e+00
4.376417652228241639e-01 8.798458285650049282e-01 3.200000000000000153e-03 0.000000000000000000e+00
4.388373853594187413e-01 8.782499914061591140e-01 3.200000000000000153e-03 0.000000000000000000e+00
4.445741606816470126e-01 8.720264067165776067e-01 3.200000000000000153e-03 0.000000000000000000e+00
4.510059747653294426e-01 8.675560139373457158e-01 3.200000000000000153e-03 0.000000000000000000e+00
4.561247661482956128e-01 8.642069848681500632e-01 3.200000000000000153e-03 0.000000000000000000e+00
4.631745641712399220e-01 8.602555414228980624e-01 3.200000000000000153e-03 0.000000000000000000e+00
4.687497126390852142e-01 8.563875630197225197e-01 3.200000000000000153e-03 0.000000000000000000e+00
4.753431535771504013e-01 8.515036662957475855e-01 3.200000000000000153e-03 0.000000000000000000e+00
4.780951193642812846e-01 8.485681411712949762e-01 3.200000000000000153e-03 0.000000000000000000e+00
4.838945395852684572e-01 8.407487193228674327e-01 3.200000000000000153e-03 0.000000000000000000e+00
4.875117429830611027e-01 8.339082914359936538e-01 3.200000000000000153e-03 0.000000000000000000e+00
4.878805437324424399e-01 8.329292974744398892e-01 3.200000000000000153e-03 0.000000000000000000e+00
4.899588725650008136e-01 8.251098756260125677e-01 3.200000000000000153e-03 0.000000000000000000e+00
4.912588548906032804e-01 8.172904537775850242e-01 3.200000000000000153e-03 0.000000000000000000e+00
4.919640300103381159e-01 8.094710319291574807e-01 3.200000000000000153e-03 0.000000000000000000e+00
4.922223466630182287e-01 8.016516100807299372e-01 3.200000000000000153e-03 0.000000000000000000e+00
4.921510382649184612e-01 7.938321882323023937e-01 3.200000000000000153e-03 0.000000000000000000e+00
4.918395075610127454e-01 7.860127663838748502e-01 3.200000000000000153e-03 0.000000000000000000e+00
4.913479156502560952e-01 7.781933445354475287e-01 3.200000000000000153e-03 0.000000000000000000e+00
4.907017928500520543e-01 7.703739226870199852e-01 3.200000000000000153e-03 0.000000000000000000e+00
4.898842206817995426e-01 7.625545008385924417e-01 3.200000000000000153e-03 0.000000000000000000e+00
4.888280782709653605e-01 7.547350789901648982e-01 3.200000000000000153e-03 0.000000000000000000e+00
4.875117429830611582e-01 7.474340409379857109e-01 3.200000000000000153e-03 0.000000000000000000e+00
4.873944696003870702e-01 7.469156571417373547e-01 3.200000000000000153e-03 0.000000000000000000e+00
4.851183721776820557e-01 7.390962352933099222e-01 3.200000000000000153e-03 0.000000000000000000e+00
4.821610032788173905e-01 7.312768134448823787e-01 3.200000000000000153e-03 0.000000000000000000e+00
4.785509553030259378e-01 7.234573915964549462e-01 3.200000000000000153e-03 0.000000000000000000e+00
4.753431535771504013e-01 7.172227447960781710e-01 3.200000000000000153e-03 0.000000000000000000e+00
4.743551796687880406e-01 7.156379697480274027e-01 3.200000000000000153e-03 0.000000000000000000e+00
4.696310906871538071e-01 7.078185478995999702e-01 3.200000000000000153e-03 0.000000000000000000e+00
4.656138341664556868e-01 6.999991260511724267e-01 3.200000000000000153e-03 0.000000000000000000e+00
4.631745641712399220e-01 6.940082946071119974e-01 3.200000000000000153e-03 0.000000000000000000e+00
4.623467440778350479e-01 6.921797042027448832e-01 3.200000000000000153e-03 0.000000000000000000e+00
4.596486254130087157e-01 6.843602823543173397e-01 3.200000000000000153e-03 0.000000000000000000e+00
4.577737934424853106e-01 6.765408605058897962e-01 3.200000000000000153e-03 0.000000000000000000e+00
4.563821949361958064e-01 6.687214386574623637e-01 3.200000000000000153e-03 0.000000000000000000e+00
4.551706427383902520e-01 6.609020168090348202e-01 3.200000000000000153e-03 0.000000000000000000e+00
4.538822878077553025e-01 6.530825949606073877e-01 3.200000000000000153e-03 0.000000000000000000e+00
4.523051498962129546e-01 6.452631731121798442e-01 3.200000000000000153e-03 0.000000000000000000e+00
4.510059747653294981e-01 6.403520642786173500e-01 3.200000000000000153e-03 0.000000000000000000e+00
4.501537529447566799e-01 6.374437512637524117e-01 3.200000000000000153e-03 0.000000000000000000e+00
4.471728193629730397e-01 6.296243294153248682e-01 3.200000000000000153e-03 0.000000000000000000e+00
4.435502994147088041e-01 6.218049075668973247e-01 3.200000000000000153e-03 0.000000000000000000e+00
4.393018807375514423e-01 6.139854857184698922e-01 3.200000000000000153e-03 0.000000000000000000e+00
4.388373853594187413e-01 6.132578176197793773e-01 3.200000000000000153e-03 0.000000000000000000e+00
4.335770815700991654e-01 6.061660638700423487e-01 3.200000000000000153e-03 0.000000000000000000e+00
4.272380731925947139e-01 5.983466420216148052e-01 3.200000000000000153e-03 0.000000000000000000e+00
4.266687959535082619e-01 5.977061779092942562e-01 3.200000000000000153e-03 0.000000000000000000e+00
4.188202167153411981e-01 5.905272201731873727e-01 3.200000000000000153e-03 0.000000000000000000e+00
4.145002065475977826e-01 5.867716267188562984e-01 3.200000000000000153e-03 0.000000000000000000e+00
4.087037587133302008e-01 5.827077983247598292e-01 3.200000000000000153e-03 0.000000000000000000e+00
4.023316171416870812e-01 5.783214616044088929e-01 3.200000000000000153e-03 0.000000000000000000e+00
3.966069022181015202e-01 5.748883764763322857e-01 3.200000000000000153e-03 0.000000000000000000e+00
3.901630277357766019e-01 5.708769706949189393e-01 3.200000000000000153e-03 0.000000000000000000e+00
3.840374029786389753e-01 5.670689546279048532e-01 3.200000000000000153e-03 0.000000000000000000e+00
3.779944383298661226e-01 5.628787775926733516e-01 3.200000000000000153e-03 0.000000000000000000e+00
3.732173536949004444e-01 5.592495327794773097e-01 3.200000000000000153e-03 0.000000000000000000e+00
3.658258489239554212e-01 5.525108741835428328e-01 3.200000000000000153e-03 0.000000000000000000e+00
3.647379963155328864e-01 5.514301109310497662e-01 3.200000000000000153e-03 0.000000000000000000e+00
3.581071473149377571e-01 5.436106890826223337e-01 3.200000000000000153e-03 0.000000000000000000e+00
3.536572595180449419e-01 5.370796976837732828e-01 3.200000000000000153e-03 0.000000000000000000e+00
3.527658119444463947e-01 5.357912672341947902e-01 3.200000000000000153e-03 0.000000000000000000e+00
3.479426032673872959e-01 5.279718453857672467e-01 3.200000000000000153e-03 0.000000000000000000e+00
3.434341089158368110e-01 5.201524235373398142e-01 3.200000000000000153e-03 0.000000000000000000e+00
3.414886701121344625e-01 5.169275835422703080e-01 3.200000000000000153e-03 0.000000000000000000e+00
3.382590061223094136e-01 5.123330016889122707e-01 3.200000000000000153e-03 0.000000000000000000e+00
3.320362375311058933e-01 5.045135798404847272e-01 3.200000000000000153e-03 0.000000000000000000e+00
3.293200807062237612e-01 5.016143384345053136e-01 3.200000000000000153e-03 0.000000000000000000e+00
3.237807499997146787e-01 4.966941579920572947e-01 3.200000000000000153e-03 0.000000000000000000e+00
3.171514913003132818e-01 4.914365276358559353e-01 3.200000000000000153e-03 0.000000000000000000e+00
3.134537977357041427e-01 4.888747361436297512e-01 3.200000000000000153e-03 0.000000000000000000e+00
3.049829018944028025e-01 4.831392320143793051e-01 3.200000000000000153e-03 0.000000000000000000e+00
3.018328812022103569e-01 4.810553142952022632e-01 3.200000000000000153e-03 0.000000000000000000e+00
2.928143124884921011e-01 4.746379064060519126e-01 3.200000000000000153e-03 0.000000000000000000e+00
2.909873922903130072e-01 4.732358924467747752e-01 3.200000000000000153e-03 0.000000000000000000e+00
2.819749645645889258e-01 4.654164705983472317e-01 3.200000000000000153e-03 0.000000000000000000e+00
2.806457230825816218e-01 4.641429673613485241e-01 3.200000000000000153e-03 0.000000000000000000e+00
2.744609572317991963e-01 4.575970487499196881e-01 3.200000000000000153e-03 0.000000000000000000e+00
2.684771336766710315e-01 4.502338007579365087e-01 3.200000000000000153e-03 0.000000000000000000e+00
2.681279846934602196e-01 4.497776269014922557e-01 3.200000000000000153e-03 0.000000000000000000e+00
2.620457424380427947e-01 4.419582050530647122e-01 3.200000000000000153e-03 0.000000000000000000e+00
2.563085442707604966e-01 4.341429674464688526e-01 3.200000000000000153e-03 0.000000000000000000e+00
2.563054523606834723e-01 4.341387832046371686e-01 3.200000000000000153e-03 0.000000000000000000e+00
2.500855896180440574e-01 4.263193613562097362e-01 3.200000000000000153e-03 0.000000000000000000e+00
2.441399548648499618e-01 4.188765883954811420e-01 3.200000000000000153e-03 0.000000000000000000e+00
2.438215485844088815e-01 4.184999395077821926e-01 3.200000000000000153e-03 0.000000000000000000e+00
2.367786848491090224e-01 4.106805176593546491e-01 3.200000000000000153e-03 0.000000000000000000e+00
2.319713654589393714e-01 4.053853048444879259e-01 3.200000000000000153e-03 0.000000000000000000e+00
2.294721592287584655e-01 4.028610958109272167e-01 3.200000000000000153e-03 0.000000000000000000e+00
2.217434790054561289e-01 3.950416739624996731e-01 3.200000000000000153e-03 0.000000000000000000e+00
2.198027760530287811e-01 3.930465442057362035e-01 3.200000000000000153e-03 0.000000000000000000e+00
2.135069750830576596e-01 3.872222521140721296e-01 3.200000000000000153e-03 0.000000000000000000e+00
2.076341866471182740e-01 3.813755944924294150e-01 3.200000000000000153e-03 0.000000000000000000e+00
2.053655806702033848e-01 3.794028302656446971e-01 3.200000000000000153e-03 0.000000000000000000e+00
1.971535586870930279e-01 3.715834084172171536e-01 3.200000000000000153e-03 0.000000000000000000e+00
1.954655972412077114e-01 3.698102345045419237e-01 3.200000000000000153e-03 0.000000000000000000e+00
1.888691569636730683e-01 3.637639865687897212e-01 3.200000000000000153e-03 0.000000000000000000e+00
1.832970078352971210e-01 3.578131836271369881e-01 3.200000000000000153e-03 0.000000000000000000e+00
1.812998453604156290e-01 3.559445647203621776e-01 3.200000000000000153e-03 0.000000000000000000e+00
1.740200698253272227e-01 3.481251428719346341e-01 3.200000000000000153e-03 0.000000000000000000e+00
1.711284184293866417e-01 3.445556671102810165e-01 3.200000000000000153e-03 0.000000000000000000e+00
1.673612908869966387e-01 3.403057210235072017e-01 3.200000000000000153e-03 0.000000000000000000e+00
1.612767551239189245e-01 3.324862991750796581e-01 3.200000000000000153e-03 0.000000000000000000e+00
1.589598290234760514e-01 3.293149329652370616e-01 3.200000000000000153e-03 0.000000000000000000e+00
1.553497159796431992e-01 3.246668773266521146e-01 3.200000000000000153e-03 0.000000000000000000e+00
1.494181372886758119e-01 3.168474554782246821e-01 3.200000000000000153e-03 0.000000000000000000e+00
1.467912396175654610e-01 3.135671156216948141e-01 3.200000000000000153e-03 0.000000000000000000e+00
1.428478874667184206e-01 3.090280336297971386e-01 3.200000000000000153e-03 0.000000000000000000e+00
1.353227074678934050e-01 3.012086117813695951e-01 3.200000000000000153e-03 0.000000000000000000e+00
1.346226502116549817e-01 3.005905688108740370e-01 3.200000000000000153e-03 0.000000000000000000e+00
1.250192583785919576e-01 2.933891899329421626e-01 3.200000000000000153e-03 0.000000000000000000e+00
1.224540608057443913e-01 2.917957478555314732e-01 3.200000000000000153e-03 0.000000000000000000e+00
1.102854713998338010e-01 2.860512299073264542e-01 3.200000000000000153e-03 0.000000000000000000e+00
1.088001247756199968e-01 2.855697680845146191e-01 3.200000000000000153e-03 0.000000000000000000e+00
9.811688199392332166e-02 2.828531318787482207e-01 3.200000000000000153e-03 0.000000000000000000e+00
8.594829258801273131e-02 2.809898185533811210e-01 3.200000000000000153e-03 0.000000000000000000e+00
7.377970318210214096e-02 2.799585253822614583e-01 3.200000000000000153e-03 0.000000000000000000e+00
6.161111377619166857e-02 2.794135137862611695e-01 3.200000000000000153e-03 0.000000000000000000e+00
4.944252437028107128e-02 2.791083740708115157e-01 3.200000000000000153e-03 0.000000000000000000e+00
3.727393496437048093e-02 2.788800186996284181e-01 3.200000000000000153e-03 0.000000000000000000e+00
2.510534555846000160e-02 2.786233253238965535e-01 3.200000000000000153e-03 0.000000000000000000e+00
1.293675615254941125e-02 2.782701695931669716e-01 3.200000000000000153e-03 0.000000000000000000e+00
7.681667466388210049e-04 2.777693014045473641e-01 3.200000000000000153e-03 0.000000000000000000e+00
4.405317756026238749e-04 2.777503462360870756e-01 3.200000000000000153e-03 0.000000000000000000e+00
-1.140042265927165843e-02 2.771801174548649827e-01 3.200000000000000153e-03 0.000000000000000000e+00
-2.356901206518224878e-02 2.763434857026421110e-01 3.200000000000000153e-03 0.000000000000000000e+00
-3.573760147109283913e-02 2.751426312983139555e-01 3.200000000000000153e-03 0.000000000000000000e+00
-4.790619087700331846e-02 2.733965519383801945e-01 3.200000000000000153e-03 0.000000000000000000e+00
-6.007478028291390881e-02 2.708076209367952236e-01 3.200000000000000153e-03 0.000000000000000000e+00
-6.313831145799174427e-02 2.699309243876596431e-01 3.200000000000000153e-03 0.000000000000000000e+00
-7.224336968882449916e-02 2.673473521270225417e-01 3.200000000000000153e-03 0.000000000000000000e+00
-8.441195909473497849e-02 2.623076320346465207e-01 3.200000000000000153e-03 0.000000000000000000e+00
-8.480237112929391030e-02 2.621115025392320996e-01 3.200000000000000153e-03 0.000000000000000000e+00
-9.658054850064556884e-02 2.559562409552342821e-01 3.200000000000000153e-03 0.000000000000000000e+00
-9.934004805475979416e-02 2.542920806908045561e-01 3.200000000000000153e-03 0.000000000000000000e+00
-1.087491379065561592e-01 2.484715391126398054e-01 3.200000000000000153e-03 0.000000000000000000e+00
-1.120364465953531397e-01 2.464726588423770404e-01 3.200000000000000153e-03 0.000000000000000000e+00
-1.209177273124666385e-01 2.411586203341764267e-01 3.200000000000000153e-03 0.000000000000000000e+00
-1.259597015393321418e-01 2.386532369939495524e-01 3.200000000000000153e-03 0.000000000000000000e+00
-1.330863167183772289e-01 2.353195691646354504e-01 3.200000000000000153e-03 0.000000000000000000e+00
-1.452549061242878192e-01 2.314324641364942647e-01 3.200000000000000153e-03 0.000000000000000000e+00
-1.488395739457401279e-01 2.308338151455220644e-01 3.200000000000000153e-03 0.000000000000000000e+00
-1.574234955301982986e-01 2.295335534974846936e-01 3.200000000000000153e-03 0.000000000000000000e+00
-1.695920849361088889e-01 2.289780133265731099e-01 3.200000000000000153e-03 0.000000000000000000e+00
-1.817606743420194793e-01 2.291797563502603330e-01 3.200000000000000153e-03 0.000000000000000000e+00
-1.939292637479299586e-01 2.295941967358755276e-01 3.200000000000000153e-03 0.000000000000000000e+00
-2.060978531538405489e-01 2.296752394844074896e-01 3.200000000000000153e-03 0.000000000000000000e+00
-2.182664425597511393e-01 2.288934789825663729e-01 3.200000000000000153e-03 0.000000000000000000e+00
-2.304350319656616741e-01 2.267677298198440550e-01 3.200000000000000153e-03 0.000000000000000000e+00
-2.421816958369729378e-01 2.230143932970945209e-01 3.200000000000000153e-03 0.000000000000000000e+00
-2.426036213715722090e-01 2.228665945775264723e-01 3.200000000000000153e-03 0.000000000000000000e+00
-2.547722107774827993e-01 2.164379996017576913e-01 3.200000000000000153e-03 0.000000000000000000e+00
-2.565149135335961783e-01 2.151949714486670606e-01 3.200000000000000153e-03 0.000000000000000000e+00
-2.656700434265481525e-01 2.073755496002395449e-01 3.200000000000000153e-03 0.000000000000000000e+00
-2.669408001833933342e-01 2.060088869085369423e-01 3.200000000000000153e-03 0.000000000000000000e+00
-2.719348701564226478e-01 1.995561277518120569e-01 3.200000000000000153e-03 0.000000000000000000e+00
-2.763868118383866479e-01 1.917367059033845134e-01 3.200000000000000153e-03 0.000000000000000000e+00
-2.791093895893038690e-01 1.847591604541415911e-01 3.200000000000000153e-03 0.000000000000000000e+00
-2.794133655957089513e-01 1.839172840549570254e-01 3.200000000000000153e-03 0.000000000000000000e+00
-2.812626307521037816e-01 1.760978622065295651e-01 3.200000000000000153e-03 0.000000000000000000e+00
-2.822261432949935145e-01 1.682784403581019939e-01 3.200000000000000153e-03 0.000000000000000000e+00
-2.824804097599373787e-01 1.604590185096745059e-01 3.200000000000000153e-03 0.000000000000000000e+00
-2.821648492031311184e-01 1.526395966612470179e-01 3.200000000000000153e-03 0.000000000000000000e+00
-2.813702716951535510e-01 1.448201748128194744e-01 3.200000000000000153e-03 0.000000000000000000e+00
-2.801359015410733178e-01 1.370007529643919864e-01 3.200000000000000153e-03 0.000000000000000000e+00
-2.791093895893038690e-01 1.321954367860180835e-01 3.200000000000000153e-03 0.000000000000000000e+00
-2.784977777542265165e-01 1.291813311159644984e-01 3.200000000000000153e-03 0.000000000000000000e+00
-2.765171488721377968e-01 1.213619092675369548e-01 3.200000000000000153e-03 0.000000000000000000e+00
-2.741687283147800080e-01 1.135424874191094669e-01 3.200000000000000153e-03 0.000000000000000000e+00
-2.715410415002425526e-01 1.057230655706819650e-01 3.200000000000000153e-03 0.000000000000000000e+00
-2.688034456874798250e-01 9.790364372225443534e-02 3.200000000000000153e-03 0.000000000000000000e+00
-2.669408001833933342e-01 9.233383580842639826e-02 3.200000000000000153e-03 0.000000000000000000e+00
-2.662773051856047735e-01 9.008422187382694735e-02 3.200000000000000153e-03 0.000000000000000000e+00
-2.643273374122546149e-01 8.226480002539945935e-02 3.200000000000000153e-03 0.000000000000000000e+00
-2.628826911371597297e-01 7.444537817697191584e-02 3.200000000000000153e-03 0.000000000000000000e+00
-2.619907106724951862e-01 6.662595632854442784e-02 3.200000000000000153e-03 0.000000000000000000e+00
-2.616412806176261485e-01 5.880653448011693984e-02 3.200000000000000153e-03 0.000000000000000000e+00
-2.617974886887389774e-01 5.098711263168945185e-02 3.200000000000000153e-03 0.000000000000000000e+00
-2.624214649201020433e-01 4.316769078326190834e-02 3.200000000000000153e-03 0.000000000000000000e+00
-2.634857838561190380e-01 3.534826893483442034e-02 3.200000000000000153e-03 0.000000000000000000e+00
-2.649671012240241152e-01 2.752884708640693234e-02 3.200000000000000153e-03 0.000000000000000000e+00
-2.668217723652079321e-01 1.970942523797938883e-02 3.200000000000000153e-03 0.000000000000000000e+00
-2.669408001833933342e-01 1.923304394970615228e-02 3.200000000000000153e-03 0.000000000000000000e+00
-2.689969151993049645e-01 1.189000338955190084e-02 3.200000000000000153e-03 0.000000000000000000e+00
-2.711376010892502797e-01 4.070581541124385083e-03 3.200000000000000153e-03 0.000000000000000000e+00
-2.729749031207934218e-01 -3.748840307303102914e-03 3.200000000000000153e-03 0.000000000000000000e+00
-2.742551782211535838e-01 -1.156826215573061867e-02 3.200000000000000153e-03 0.000000000000000000e+00
-2.748220865966857218e-01 -1.938768400415810667e-02 3.200000000000000153e-03 0.000000000000000000e+00
-2.746865292237435363e-01 -2.720710585258562242e-02 3.200000000000000153e-03 0.000000000000000000e+00
-2.740292551559231904e-01 -3.502652770101313817e-02 3.200000000000000153e-03 0.000000000000000000e+00
-2.731266145473749130e-01 -4.284594954944062617e-02 3.200000000000000153e-03 0.000000000000000000e+00
-2.722350737435522694e-01 -5.066537139786814192e-02 3.200000000000000153e-03 0.000000000000000000e+00
-2.714808350240592860e-01 -5.848479324629565768e-02 3.200000000000000153e-03 0.000000000000000000e+00
-2.707762904752866739e-01 -6.630421509472314567e-02 3.200000000000000153e-03 0.000000000000000000e+00
-2.697505439573345543e-01 -7.412363694315066143e-02 3.200000000000000153e-03 0.000000000000000000e+00
-2.676527152509922125e-01 -8.194305879157817718e-02 3.200000000000000153e-03 0.000000000000000000e+00
-2.669408001833933342e-01 -8.333606971298702926e-02 3.200000000000000153e-03 0.000000000000000000e+00
-2.638944629957231114e-01 -8.976248064000566518e-02 3.200000000000000153e-03 0.000000000000000000e+00
-2.572255061511705132e-01 -9.758190248843316705e-02 3.200000000000000153e-03 0.000000000000000000e+00
-2.547722107774827993e-01 -9.944357479694773683e-02 3.200000000000000153e-03 0.000000000000000000e+00
-2.482009895645921893e-01 -1.054013243368606689e-01 3.200000000000000153e-03 0.000000000000000000e+00
-2.426036213715722090e-01 -1.091591331679886007e-01 3.200000000000000153e-03 0.000000000000000000e+00
-2.376998576235836158e-01 -1.132207461852881847e-01 3.200000000000000153e-03 0.000000000000000000e+00
-2.304350319656616741e-01 -1.181318748230553578e-01 3.200000000000000153e-03 0.000000000000000000e+00
-2.268765963729823532e-01 -1.210401680337156866e-01 3.200000000000000153e-03 0.000000000000000000e+00
-2.182664425597511393e-01 -1.270691718204900178e-01 3.200000000000000153e-03 0.000000000000000000e+00
-2.160297179371900578e-01 -1.288595898821431884e-01 3.200000000000000153e-03 0.000000000000000000e+00
-2.060978531538405489e-01 -1.358280401353662015e-01 3.200000000000000153e-03 0.000000000000000000e+00
-2.049624033193226669e-01 -1.366790117305707042e-01 3.200000000000000153e-03 0.000000000000000000e+00
-1.939292637479299586e-01 -1.440370814391209731e-01 3.200000000000000153e-03 0.000000000000000000e+00
-1.932418043162311694e-01 -1.444984335789982199e-01 3.200000000000000153e-03 0.000000000000000000e+00
-1.817606743420194793e-01 -1.514758377844561132e-01 3.200000000000000153e-03 0.000000000000000000e+00
-1.803322035914719235e-01 -1.523178554274257079e-01 3.200000000000000153e-03 0.000000000000000000e+00
-1.695920849361088889e-01 -1.581731604400017643e-01 3.200000000000000153e-03 0.000000000000000000e+00
-1.658405747985483014e-01 -1.601372772758532237e-01 3.200000000000000153e-03 0.000000000000000000e+00
-1.574234955301982986e-01 -1.642992336867894476e-01 3.200000000000000153e-03 0.000000000000000000e+00
-1.497300479710465537e-01 -1.679566991242807394e-01 3.200000000000000153e-03 0.000000000000000000e+00
-1.452549061242878192e-01 -1.700025677873422958e-01 3.200000000000000153e-03 0.000000000000000000e+00
-1.330863167183772289e-01 -1.753146010517944442e-01 3.200000000000000153e-03 0.000000000000000000e+00
-1.319887550102335494e-01 -1.757761209727082274e-01 3.200000000000000153e-03 0.000000000000000000e+00
-1.209177273124666385e-01 -1.802939556887003525e-01 3.200000000000000153e-03 0.000000000000000000e+00
-1.111387591657498897e-01 -1.835955428211357154e-01 3.200000000000000153e-03 0.000000000000000000e+00
-1.087491379065561592e-01 -1.844083650008016551e-01 3.200000000000000153e-03 0.000000000000000000e+00
-9.658054850064556884e-02 -1.877245984496198061e-01 3.200000000000000153e-03 0.000000000000000000e+00
-8.441195909473497849e-02 -1.897824733352723447e-01 3.200000000000000153e-03 0.000000000000000000e+00
-7.224336968882449916e-02 -1.906352137327045337e-01 3.200000000000000153e-03 0.000000000000000000e+00
-6.007478028291390881e-02 -1.903238049166845747e-01 3.200000000000000153e-03 0.000000000000000000e+00
-4.790619087700331846e-02 -1.888538781701187830e-01 3.200000000000000153e-03 0.000000000000000000e+00
-3.573760147109283913e-02 -1.862135270912405050e-01 3.200000000000000153e-03 0.000000000000000000e+00
-2.697068080758400696e-02 -1.835955428211357154e-01 3.200000000000000153e-03 0.000000000000000000e+00
-2.356901206518224878e-02 -1.826341449227917579e-01 3.200000000000000153e-03 0.000000000000000000e+00
-1.140042265927165843e-02 -1.788524379475985582e-01 3.200000000000000153e-03 0.000000000000000000e+00
-9.364625434563870901e-04 -1.757761209727082274e-01 3.200000000000000153e-03 0.000000000000000000e+00
7.681667466388208965e-04 -1.753010175094505962e-01 3.200000000000000153e-03 0.000000000000000000e+00
1.293675615254941125e-02 -1.732022066712759767e-01 3.200000000000000153e-03 0.000000000000000000e+00
2.510534555846000160e-02 -1.727177605291982665e-01 3.200000000000000153e-03 0.000000000000000000e+00
3.727393496437048093e-02 -1.736504912978111825e-01 3.200000000000000153e-03 0.000000000000000000e+00
4.944252437028107128e-02 -1.753134885927030429e-01 3.200000000000000153e-03 0.000000000000000000e+00
5.249495665252398857e-02 -1.757761209727082274e-01 3.200000000000000153e-03 0.000000000000000000e+00
6.161111377619166163e-02 -1.773067713026364456e-01 3.200000000000000153e-03 0.000000000000000000e+00
7.377970318210214096e-02 -1.790221068108993618e-01 3.200000000000000153e-03 0.000000000000000000e+00
8.594829258801273131e-02 -1.801628989983797280e-01 3.200000000000000153e-03 0.000000000000000000e+00
9.811688199392332166e-02 -1.806676554018943337e-01 3.200000000000000153e-03 0.000000000000000000e+00
1.102854713998338010e-01 -1.805419496674963709e-01 3.200000000000000153e-03 0.000000000000000000e+00
1.224540608057443913e-01 -1.798488137946979148e-01 3.200000000000000153e-03 0.000000000000000000e+00
1.346226502116549817e-01 -1.787540915314028978e-01 3.200000000000000153e-03 0.000000000000000000e+00
1.467912396175654610e-01 -1.776052417556151231e-01 3.200000000000000153e-03 0.000000000000000000e+00
1.589598290234760514e-01 -1.769684206229652224e-01 3.200000000000000153e-03 0.000000000000000000e+00
1.711284184293866417e-01 -1.774591898982272875e-01 3.200000000000000153e-03 0.000000000000000000e+00
1.832970078352971210e-01 -1.793046825259966837e-01 3.200000000000000153e-03 0.000000000000000000e+00
1.954655972412077114e-01 -1.820439483707245454e-01 3.200000000000000153e-03 0.000000000000000000e+00
2.019408069356139201e-01 -1.835955428211357154e-01 3.200000000000000153e-03 0.000000000000000000e+00
2.076341866471183017e-01 -1.850409799712652292e-01 3.200000000000000153e-03 0.000000000000000000e+00
2.198027760530287811e-01 -1.876157110581190279e-01 3.200000000000000153e-03 0.000000000000000000e+00
2.319713654589393714e-01 -1.892823027885708609e-01 3.200000000000000153e-03 0.000000000000000000e+00
2.441399548648499618e-01 -1.901192487599393521e-01 3.200000000000000153e-03 0.000000000000000000e+00
2.563085442707604411e-01 -1.903524812915917408e-01 3.200000000000000153e-03 0.000000000000000000e+00
2.684771336766710315e-01 -1.902788145711887813e-01 3.200000000000000153e-03 0.000000000000000000e+00
2.806457230825816218e-01 -1.902253900973315814e-01 3.200000000000000153e-03 0.000000000000000000e+00
2.928143124884921011e-01 -1.904865837325428746e-01 3.200000000000000153e-03 0.000000000000000000e+00
3.049829018944028025e-01 -1.912296910704250896e-01 3.200000000000000153e-03 0.000000000000000000e+00
3.067276643209308484e-01 -1.914149646695632312e-01 3.200000000000000153e-03 0.000000000000000000e+00
3.171514913003132818e-01 -1.927579056079425091e-01 3.200000000000000153e-03 0.000000000000000000e+00
3.293200807062237612e-01 -1.947685818011051229e-01 3.200000000000000153e-03 0.000000000000000000e+00
3.414886701121344625e-01 -1.969673787559677036e-01 3.200000000000000153e-03 0.000000000000000000e+00
3.536572595180449419e-01 -1.991864963281685941e-01 3.200000000000000153e-03 0.000000000000000000e+00
3.538991148727268499e-01 -1.992343865179907469e-01 3.200000000000000153e-03 0.000000000000000000e+00
3.658258489239554212e-01 -2.020906388676912413e-01 3.200000000000000153e-03 0.000000000000000000e+00
3.779944383298661226e-01 -2.048403364556491413e-01 3.200000000000000153e-03 0.000000000000000000e+00
3.884327094993182405e-01 -2.070538083664182349e-01 3.200000000000000153e-03 0.000000000000000000e+00
3.901630277357766574e-01 -2.075010847296493433e-01 3.200000000000000153e-03 0.000000000000000000e+00
4.023316171416870812e-01 -2.105955089299537675e-01 3.200000000000000153e-03 0.000000000000000000e+00
4.145002065475977826e-01 -2.132476781863583415e-01 3.200000000000000153e-03 0.000000000000000000e+00
4.232346762966722742e-01 -2.148732302148457507e-01 3.200000000000000153e-03 0.000000000000000000e+00
4.266687959535082619e-01 -2.156550084960326408e-01 3.200000000000000153e-03 0.000000000000000000e+00
4.388373853594187413e-01 -2.180238703732870764e-01 3.200000000000000153e-03 0.000000000000000000e+00
4.510059747653294426e-01 -2.197944543932429662e-01 3.200000000000000153e-03 0.000000000000000000e+00
4.631745641712399220e-01 -2.210270776830396688e-01 3.200000000000000153e-03 0.000000000000000000e+00
4.753431535771504013e-01 -2.217796994927725973e-01 3.200000000000000153e-03 0.000000000000000000e+00
4.875117429830611027e-01 -2.221024980438503216e-01 3.200000000000000153e-03 0.000000000000000000e+00
4.996803323889715820e-01 -2.220334091466158177e-01 3.200000000000000153e-03 0.000000000000000000e+00
5.118489217948820613e-01 -2.215959547444362188e-01 3.200000000000000153e-03 0.000000000000000000e+00
5.240175112007927627e-01 -2.208017554826109397e-01 3.200000000000000153e-03 0.000000000000000000e+00
5.361861006067032420e-01 -2.196617898814922643e-01 3.200000000000000153e-03 0.000000000000000000e+00
5.483546900126137214e-01 -2.182121431675482781e-01 3.200000000000000153e-03 0.000000000000000000e+00
5.605232794185244227e-01 -2.165576214619368833e-01 3.200000000000000153e-03 0.000000000000000000e+00
5.726918688244349021e-01 -2.149203315871148490e-01 3.200000000000000153e-03 0.000000000000000000e+00
5.731604417716684718e-01 -2.148732302148457507e-01 3.200000000000000153e-03 0.000000000000000000e+00
5.848604582303453814e-01 -2.140478320114208854e-01 3.200000000000000153e-03 0.000000000000000000e+00
5.970290476362560828e-01 -2.136883432767429369e-01 3.200000000000000153e-03 0.000000000000000000e+00
6.091976370421665621e-01 -2.139252151170430438e-01 3.200000000000000153e-03 0.000000000000000000e+00
6.213662264480770414e-01 -2.146809809413508519e-01 3.200000000000000153e-03 0.000000000000000000e+00
6.233467781086191595e-01 -2.148732302148457507e-01 3.200000000000000153e-03 0.000000000000000000e+00
6.335348158539877428e-01 -2.162573352829068873e-01 3.200000000000000153e-03 0.000000000000000000e+00
6.457034052598982221e-01 -2.182029159071120217e-01 3.200000000000000153e-03 0.000000000000000000e+00
6.578719946658087014e-01 -2.202563258460361328e-01 3.200000000000000153e-03 0.000000000000000000e+00
6.700405840717194028e-01 -2.223354839766561730e-01 3.200000000000000153e-03 0.000000000000000000e+00
6.719302789118997143e-01 -2.226926520632732664e-01 3.200000000000000153e-03 0.000000000000000000e+00
6.822091734776298821e-01 -2.252620354098670286e-01 3.200000000000000153e-03 0.000000000000000000e+00
6.943777628835403615e-01 -2.281272137657921195e-01 3.200000000000000153e-03 0.000000000000000000e+00
7.059040232100225465e-01 -2.305120739117007267e-01 3.200000000000000153e-03 0.000000000000000000e+00
7.065463522894510628e-01 -2.306858194965617226e-01 3.200000000000000153e-03 0.000000000000000000e+00
7.187149416953615422e-01 -2.338705906173431381e-01 3.200000000000000153e-03 0.000000000000000000e+00
7.308835311012720215e-01 -2.363591799694418349e-01 3.200000000000000153e-03 0.000000000000000000e+00
7.430521205071827229e-01 -2.382397038599810835e-01 3.200000000000000153e-03 0.000000000000000000e+00
7.437718018343453252e-01 -2.383314957601282702e-01 3.200000000000000153e-03 0.000000000000000000e+00
